4.49612961296
4.48930893089
4.51325132513
4.50669066907
4.51155115512
4.49870987099
4.49446944694
4.51275127513
4.50101010101
4.50191019102
4.50363036304
4.51873187319
4.51533153315
4.51085108511
4.51909190919
4.50087008701
4.51331133113
4.50731073107
4.50635063506
4.50693069307
4.51487148715
4.50489048905
4.51595159516
4.51617161716
4.50935093509
4.47370737074
4.51651165117
4.500310031
4.49552955296
4.52695269527
4.50787078708
4.50929092909
4.50457045705
4.49800980098
4.51899189919
4.49230923092
4.51541154115
4.49866986699
4.49244924492
4.51489148915
4.49886988699
4.50727072707
4.51727172717
4.51813181318
4.50849084908
4.51875187519
4.51791179118
4.50269026903
4.49802980298
4.50877087709
4.50671067107
4.50257025703
4.51195119512
4.49564956496
4.50509050905
4.5203520352
4.51847184718
4.50319031903
4.50723072307
4.48710871087
4.50317031703
4.50845084508
4.51273127313
4.49638963896
4.51233123312
4.51131113111
4.50649064906
4.50401040104
4.51323132313
4.50103010301
4.49726972697
4.52307230723
4.51779177918
4.51641164116
4.50879087909
4.50743074307
4.52243224322
4.49740974097
4.51811181118
4.50593059306
4.49800980098
4.49750975098
4.50819081908
4.51655165517
4.5095109511
4.50793079308
4.499569957
4.52391239124
4.51417141714
4.51261126113
4.5096309631
4.5198719872
4.49912991299
4.51589158916
4.50709070907
4.51525152515
4.51719171917
4.50269026903
4.51535153515
4.49942994299
